1038.2 1116.34 225.98 4.94 0.93
453.98 582.03 204.22 2.85 0.78
768.07 1200.11 202.38 5.93 0.64
867.6 1112.31 235.16 4.73 0.78
346.8 403.26 227.83 1.77 0.86
1105.12 1300.14 202.83 6.41 0.85
234.18 344.38 204.99 1.68 0.68
949.91 1583.18 229.78 6.89 0.6
1145.8 1193.54 229.97 5.19 0.96
993.39 1056.79 221.55 4.77 0.94
1309.98 1364.56 203.97 6.69 0.96
767.83 1535.66 222.56 6.9 0.5
88.21 116.07 232.14 0.5 0.76
623.56 642.84 210.08 3.06 0.97
132.56 179.14 235.71 0.76 0.74
2092.61 2299.57 232.28 9.9 0.91
1458.86 2210.4 230.25 9.6 0.66
115.39 120.2 207.24 0.58 0.96
1651.28 1775.57 213.41 8.32 0.93
1212.9 1895.16 204.0 9.29 0.64
566.1 577.66 203.4 2.84 0.98
1387.08 1778.3 202.08 8.8 0.78
1499.77 1666.41 205.73 8.1 0.9
371.88 502.55 237.05 2.12 0.74
1878.16 2209.6 232.59 9.5 0.85
1561.56 1881.4 219.79 8.56 0.83
599.56 1070.64 212.85 5.03 0.56
922.36 1590.28 223.04 7.13 0.58
1724.95 1854.79 231.27 8.02 0.93
680.84 861.82 223.27 3.86 0.79
1936.41 2251.64 231.65 9.72 0.86
394.57 580.25 226.66 2.56 0.68
1109.5 1706.92 217.72 7.84 0.65
1617.82 1838.43 227.81 8.07 0.88
1704.67 1704.67 217.71 7.83 1.0
466.3 582.87 200.3 2.91 0.8
378.54 573.55 224.92 2.55 0.66
1048.71 1519.87 223.84 6.79 0.69
506.46 595.83 230.05 2.59 0.85
128.55 214.26 202.13 1.06 0.6
2182.34 2346.6 237.27 9.89 0.93
767.34 1475.65 232.02 6.36 0.52
1175.46 1546.65 232.23 6.66 0.76
583.49 607.81 212.52 2.86 0.96
932.31 1635.63 216.64 7.55 0.57
540.06 1038.57 217.73 4.77 0.52
623.14 1132.98 218.3 5.19 0.55
523.18 843.84 213.09 3.96 0.62
1703.05 1871.48 210.99 8.87 0.91
199.01 320.98 237.76 1.35 0.62
779.46 820.48 220.56 3.72 0.95
1104.2 1971.79 212.02 9.3 0.56
740.84 1157.57 210.85 5.49 0.64
1187.48 1562.47 236.38 6.61 0.76
138.34 230.56 217.51 1.06 0.6
37.12 70.04 233.45 0.3 0.53
1367.74 2041.41 209.59 9.74 0.67
1242.85 1308.26 200.04 6.54 0.95
829.05 1507.36 213.81 7.05 0.55
17.62 23.81 216.45 0.11 0.74
1447.06 1955.49 236.17 8.28 0.74
1120.52 1965.83 200.8 9.79 0.57
1606.2 2007.75 225.59 8.9 0.8
940.72 1206.05 211.96 5.69 0.78
1838.8 2113.56 215.45 9.81 0.87
1187.78 1305.25 223.12 5.85 0.91
18.36 22.67 206.05 0.11 0.81
704.34 791.39 214.47 3.69 0.89
79.09 106.87 232.33 0.46 0.74
569.14 933.02 208.73 4.47 0.61
556.53 1030.61 216.97 4.75 0.54
1880.96 2113.44 228.48 9.25 0.89
1751.6 1990.46 229.58 8.67 0.88
1603.02 1635.74 208.64 7.84 0.98
261.81 290.9 225.5 1.29 0.9
929.37 1475.19 206.32 7.15 0.63
1456.41 1916.32 218.26 8.78 0.76
547.45 868.96 207.39 4.19 0.63
1989.45 2162.44 231.03 9.36 0.92
200.93 225.77 232.75 0.97 0.89
1783.96 2316.83 235.45 9.84 0.77
1438.76 1547.06 202.76 7.63 0.93
197.09 351.95 239.42 1.47 0.56
215.25 262.49 234.37 1.12 0.82
950.2 1439.7 217.15 6.63 0.66
627.73 884.12 207.54 4.26 0.71
304.22 323.64 224.75 1.44 0.94
1553.38 1585.09 228.07 6.95 0.98
838.47 1180.94 203.61 5.8 0.71
1293.09 1319.48 208.12 6.34 0.98
1359.68 2193.03 234.8 9.34 0.62
876.7 985.06 214.61 4.59 0.89
660.82 750.93 231.77 3.24 0.88
1090.37 1124.1 227.09 4.95 0.97
864.53 1309.89 216.87 6.04 0.66
825.24 1018.81 239.72 4.25 0.81
703.17 772.71 202.28 3.82 0.91
164.11 210.4 221.47 0.95 0.78
677.27 1254.2 202.29 6.2 0.54
1889.36 2031.57 209.44 9.7 0.93
1909.97 2031.88 216.85 9.37 0.94
391.53 501.96 204.88 2.45 0.78
1069.25 1485.07 210.35 7.06 0.72
1061.93 1397.28 205.18 6.81 0.76
56.33 65.5 218.33 0.3 0.86
1256.69 1336.91 215.63 6.2 0.94
212.25 326.53 213.42 1.53 0.65
944.95 1227.21 209.78 5.85 0.77
1099.37 1278.34 222.32 5.75 0.86
1282.22 2035.27 233.67 8.71 0.63
612.36 805.74 211.48 3.81 0.76
1259.97 1725.98 228.91 7.54 0.73
981.25 1055.11 217.1 4.86 0.93
1183.71 1272.81 219.45 5.8 0.93
468.87 699.81 230.96 3.03 0.67
15.21 29.82 229.38 0.13 0.51
1870.14 2101.29 231.93 9.06 0.89
1416.58 1888.78 212.7 8.88 0.75
1065.46 1691.21 223.41 7.57 0.63
702.15 816.45 224.3 3.64 0.86
981.77 1182.86 222.76 5.31 0.83
916.35 1290.63 203.57 6.34 0.71
167.21 327.86 227.68 1.44 0.51
878.2 1155.53 232.97 4.96 0.76
831.52 934.29 203.55 4.59 0.89
1226.66 1552.74 235.62 6.59 0.79
643.22 765.74 223.9 3.42 0.84
772.43 1379.34 218.25 6.32 0.56
1641.6 2026.66 207.65 9.76 0.81
216.93 246.51 210.69 1.17 0.88
757.66 1147.97 228.68 5.02 0.66
725.45 806.06 226.42 3.56 0.9
281.79 469.64 223.64 2.1 0.6
692.09 833.84 208.46 4.0 0.83
1604.59 2259.98 235.66 9.59 0.71
773.69 1487.87 226.81 6.56 0.52
851.59 935.82 215.13 4.35 0.91
224.38 299.17 202.14 1.48 0.75
96.19 96.19 229.02 0.42 1.0
714.55 850.65 211.08 4.03 0.84
88.48 100.55 213.93 0.47 0.88
1702.81 1811.5 234.65 7.72 0.94
109.43 182.39 212.08 0.86 0.6
654.28 1147.86 217.81 5.27 0.57
845.66 1031.29 215.3 4.79 0.82
731.08 1379.39 225.76 6.11 0.53
91.73 94.56 210.14 0.45 0.97
756.44 1327.08 218.99 6.06 0.57
1533.05 1580.46 222.6 7.1 0.97
118.64 223.86 235.64 0.95 0.53
1373.72 1784.06 233.21 7.65 0.77
757.58 1241.94 223.37 5.56 0.61
1162.01 2038.61 224.27 9.09 0.57
1585.48 1843.59 214.62 8.59 0.86
614.38 626.92 227.97 2.75 0.98
585.28 657.62 222.17 2.96 0.89
882.51 1665.11 213.75 7.79 0.53
1326.41 2009.72 235.33 8.54 0.66
1065.55 1746.8 237.66 7.35 0.61
1142.05 1375.96 210.07 6.55 0.83
1630.26 1831.76 234.54 7.81 0.89
320.43 516.82 234.92 2.2 0.62
1966.24 2137.22 236.68 9.03 0.92
1368.53 2012.54 229.48 8.77 0.68
430.88 590.25 211.56 2.79 0.73
92.15 126.24 225.42 0.56 0.73
907.03 1193.46 222.66 5.36 0.76
134.72 232.27 205.55 1.13 0.58
1516.63 1895.79 213.01 8.9 0.8
1207.43 1857.58 234.84 7.91 0.65
1070.01 1337.51 221.81 6.03 0.8
543.65 1045.49 205.4 5.09 0.52
878.53 1464.21 206.81 7.08 0.6
93.56 123.11 212.26 0.58 0.76
1021.94 1965.27 236.78 8.3 0.52
1270.84 1765.05 201.49 8.76 0.72
112.48 144.21 225.33 0.64 0.78
1438.65 1546.94 206.81 7.48 0.93
112.74 119.94 222.11 0.54 0.94
253.28 487.09 202.11 2.41 0.52
1016.63 1639.72 223.7 7.33 0.62
482.22 669.75 236.66 2.83 0.72
1440.51 2250.79 232.76 9.67 0.64
767.79 1301.34 217.98 5.97 0.59
774.04 1248.45 217.5 5.74 0.62
1031.1 1412.46 201.78 7.0 0.73
305.03 564.88 233.42 2.42 0.54
69.26 123.68 237.84 0.52 0.56
1725.53 1896.18 207.46 9.14 0.91
767.46 1534.91 217.41 7.06 0.5
967.37 1401.98 212.1 6.61 0.69
1218.42 1646.52 201.04 8.19 0.74
1127.2 1761.25 207.94 8.47 0.64
1287.12 1479.44 203.5 7.27 0.87
1319.15 1449.62 235.71 6.15 0.91
683.44 865.11 205.49 4.21 0.79
338.97 574.53 207.41 2.77 0.59
43.87 57.72 222.0 0.26 0.76
960.96 1117.4 228.04 4.9 0.86
1369.48 2074.98 208.75 9.94 0.66
251.4 349.16 219.6 1.59 0.72
1255.49 1992.84 211.33 9.43 0.63
346.88 377.04 228.51 1.65 0.92
413.16 751.19 218.37 3.44 0.55
744.64 919.31 225.32 4.08 0.81
2044.5 2152.11 216.51 9.94 0.95
391.63 412.24 230.3 1.79 0.95
1247.66 1620.34 222.88 7.27 0.77
1428.02 1700.02 220.21 7.72 0.84
1074.11 1180.34 201.08 5.87 0.91
350.33 402.67 232.76 1.73 0.87
151.59 265.95 231.26 1.15 0.57
130.1 173.47 228.25 0.76 0.75
1611.6 2092.98 219.39 9.54 0.77
1776.22 1850.23 233.32 7.93 0.96
1093.95 1764.44 236.52 7.46 0.62
1701.34 2100.42 214.11 9.81 0.81
1367.28 2136.37 230.71 9.26 0.64
252.09 307.42 214.98 1.43 0.82
328.8 608.89 218.24 2.79 0.54
1147.31 1912.19 231.22 8.27 0.6
1076.99 1709.5 234.5 7.29 0.63
1164.66 1265.94 203.2 6.23 0.92
777.24 1177.64 216.08 5.45 0.66
274.84 343.55 202.09 1.7 0.8
1585.53 1933.57 203.32 9.51 0.82
97.57 159.96 216.16 0.74 0.61
665.52 1091.02 223.57 4.88 0.61
1612.19 1645.09 205.38 8.01 0.98
471.67 628.9 201.57 3.12 0.75
275.45 444.27 224.38 1.98 0.62
274.94 458.24 210.2 2.18 0.6
1451.99 1837.96 201.31 9.13 0.79
1675.36 1994.48 229.25 8.7 0.84
245.68 264.17 225.79 1.17 0.93
855.29 1425.48 214.68 6.64 0.6
614.78 1024.64 206.58 4.96 0.6
910.25 938.4 236.97 3.96 0.97
514.61 857.68 226.9 3.78 0.6
709.61 1338.89 221.67 6.04 0.53